0.0 0
1.0 0
2.0 0
3.0 0
4.0 0
5.0 1
6.0 0
7.0 0
8.0 1
9.0 0
10.0 2
11.0 0
12.0 0
13.0 0
14.0 1
15.0 1
16.0 0
17.0 0
18.0 2
19.0 0
20.0 0
21.0 0
22.0 2
23.0 1
24.0 0
25.0 0
26.0 0
27.0 1
28.0 2
29.0 2
30.0 0
31.0 0
32.0 1
33.0 1
34.0 1
35.0 2
36.0 0
37.0 0
38.0 0
39.0 1
40.0 0
41.0 2
42.0 4
43.0 3
44.0 1
45.0 1
46.0 0
47.0 3
48.0 3
49.0 2
50.0 1
51.0 1
52.0 3
53.0 3
54.0 3
55.0 2
56.0 0
57.0 5
58.0 2
59.0 1
60.0 5
61.0 1
62.0 3
63.0 2
64.0 2
65.0 1
66.0 3
67.0 3
68.0 2
69.0 1
70.0 4
71.0 3
72.0 3
73.0 0
74.0 3
75.0 2
76.0 2
77.0 2
78.0 3
79.0 2
80.0 2
81.0 0
82.0 2
83.0 3
84.0 2
85.0 1
86.0 3
87.0 0
88.0 0
89.0 1
90.0 1
91.0 1
92.0 2
93.0 1
94.0 0
95.0 0
96.0 0
97.0 2
98.0 0
99.0 1
100.0 0
101.0 0
102.0 4
103.0 0
104.0 1
105.0 0
106.0 1
107.0 1
108.0 1
109.0 1
110.0 0
111.0 2
112.0 3
113.0 1
114.0 1
115.0 1
116.0 0
117.0 1
118.0 1
119.0 0
120.0 2
121.0 2
122.0 0
123.0 0
124.0 4
125.0 0
126.0 1
127.0 1
128.0 1
129.0 0
130.0 0
131.0 0
132.0 1
133.0 0
134.0 0
135.0 0
136.0 0
137.0 3
138.0 1
139.0 0
140.0 0
141.0 0
142.0 2
143.0 1
144.0 0
145.0 1
146.0 1
147.0 1
148.0 0
149.0 3
150.0 1
151.0 0
152.0 0
153.0 0
154.0 1
155.0 2
156.0 1
157.0 1
158.0 1
159.0 0
160.0 0
161.0 0
162.0 1
163.0 0
164.0 0
165.0 0
166.0 0
167.0 1
168.0 1
169.0 0
170.0 1
171.0 1
172.0 1
173.0 0
174.0 1
175.0 0
176.0 1
177.0 0
178.0 0
179.0 1
180.0 0
181.0 0
182.0 2
183.0 0
184.0 0
185.0 0
186.0 0
187.0 0
188.0 0
189.0 2
190.0 0
191.0 0
192.0 0
193.0 0
194.0 0
195.0 0
196.0 0
197.0 0
198.0 0
199.0 0
200.0 0
201.0 0
202.0 1
203.0 0
204.0 0
205.0 0
206.0 0
207.0 0
208.0 0
209.0 0
210.0 0
211.0 1
212.0 1
213.0 0
214.0 0
215.0 0
216.0 0
217.0 1
218.0 0
219.0 0
220.0 0
221.0 0
222.0 0
223.0 0
224.0 1
225.0 0
226.0 0
227.0 1
228.0 0
229.0 0
230.0 0
231.0 1
232.0 0
233.0 0
234.0 0
235.0 0
236.0 0
237.0 1
238.0 0
239.0 1
240.0 0
241.0 0
242.0 0
243.0 0
244.0 0
245.0 0
246.0 0
247.0 1
248.0 0
249.0 0
250.0 0
251.0 0
252.0 0
253.0 0
254.0 0
255.0 0
256.0 0
257.0 0
258.0 1
259.0 0
260.0 0
261.0 0
262.0 0
263.0 0
264.0 1
265.0 0
266.0 1
267.0 0
268.0 0
269.0 0
270.0 0
271.0 0
272.0 0
273.0 0
274.0 0
275.0 0
276.0 0
277.0 0
278.0 1
279.0 0
280.0 0
281.0 0
282.0 0
283.0 0
284.0 0
285.0 1
286.0 0
287.0 0
288.0 0
289.0 0
290.0 0
291.0 0
292.0 0
293.0 0
294.0 0
295.0 0
296.0 0
297.0 1
298.0 0
299.0 0
300.0 0
301.0 0
302.0 0
303.0 1
304.0 0
305.0 0
306.0 0
307.0 0
308.0 0
309.0 0
310.0 0
311.0 0
312.0 0
313.0 0
314.0 0
315.0 0
316.0 0
317.0 0
318.0 0
319.0 0
320.0 0
321.0 0
322.0 0
323.0 1
324.0 0
