# Scenario CollabRouter2.30
# distance at msg send, delivery time, hop count, MSG_ID
2051.6662 0.3000 1 M8
2139.9593 120.7000 1 M5
1587.9847 77.1000 1 M20
1876.2954 71.9000 1 M38
1717.5365 -1.0000 -1 M1
1721.6447 -1.0000 -1 M2
3056.8051 -1.0000 -1 M3
2639.0895 -1.0000 -1 M4
1244.9424 -1.0000 -1 M40
3148.3699 -1.0000 -1 M6
2480.0459 -1.0000 -1 M7
2790.2232 -1.0000 -1 M42
2814.7666 -1.0000 -1 M41
2711.4341 -1.0000 -1 M9
1780.9416 -1.0000 -1 M44
1933.1466 -1.0000 -1 M43
2686.8789 -1.0000 -1 M46
2528.6320 -1.0000 -1 M45
2530.3229 -1.0000 -1 M48
1928.8577 -1.0000 -1 M47
2291.7027 -1.0000 -1 M49
1272.7607 -1.0000 -1 M51
2089.3294 -1.0000 -1 M50
1861.7423 -1.0000 -1 M53
2420.1289 -1.0000 -1 M52
1991.4768 -1.0000 -1 M11
2086.2230 -1.0000 -1 M10
1947.2470 -1.0000 -1 M13
3155.3226 -1.0000 -1 M12
2147.4156 -1.0000 -1 M15
2739.7014 -1.0000 -1 M14
2099.8659 -1.0000 -1 M17
3353.5382 -1.0000 -1 M16
2304.9493 -1.0000 -1 M19
3521.0911 -1.0000 -1 M18
2253.4363 -1.0000 -1 M22
3111.0637 -1.0000 -1 M21
1608.1885 -1.0000 -1 M24
1774.3612 -1.0000 -1 M23
2395.9348 -1.0000 -1 M26
1854.2186 -1.0000 -1 M25
1827.9827 -1.0000 -1 M28
3290.5911 -1.0000 -1 M27
2665.4919 -1.0000 -1 M29
2653.9139 -1.0000 -1 M31
2662.8890 -1.0000 -1 M30
2342.7640 -1.0000 -1 M33
1556.1630 -1.0000 -1 M32
2355.2460 -1.0000 -1 M35
1592.3455 -1.0000 -1 M34
2804.3841 -1.0000 -1 M37
1736.8788 -1.0000 -1 M36
1699.7113 -1.0000 -1 M39
